	masa A			
t	x	y	θ	
0,000	5,744	-41,15	-82,1
0,033	5,838	-41,28	-82,0
0,067	4,693	-41,52	-83,6
0,100	3,128	-41,52	-85,7
0,133	2,041	-41,75	-87,2
0,167	1,188	-42,06	-88,4
0,200	-3,780E-2	-42,22	-90,1
0,233	-0,370	-42,59	-90,5
0,267	-1,616	-42,64	-92,2
0,300	-3,151	-42,63	-94,2
0,333	-4,357	-42,53	-95,8
0,367	-6,695	-42,25	-99,0
0,400	-7,749	-42,06	-100,4
0,433	-7,931	-42,05	-100,7
0,467	-7,386	-42,10	-100,0
0,500	-7,357	-42,15	-99,9
0,533	-7,523	-42,11	-100,1
0,567	-7,317	-42,16	-99,8
0,600	-6,751	-42,24	-99,1
0,633	-6,545	-42,12	-98,8
0,667	-5,401	-42,38	-97,3
0,700	-5,622	-42,24	-97,6
0,733	-4,579	-42,31	-96,2
0,767	-3,188	-42,66	-94,3
0,800	-1,809	-42,70	-92,4
0,833	-0,594	-42,66	-90,8
0,867	0,701	-42,54	-89,1
0,900	1,882	-42,39	-87,5
0,933	3,262	-42,23	-85,6
0,967	4,257	-42,00	-84,2
1,000	4,911	-41,79	-83,3
1,033	5,426	-41,54	-82,6
1,067	6,084	-41,40	-81,6
1,100	5,767	-41,26	-82,0
1,133	5,782	-41,19	-82,0
1,167	5,605	-41,22	-82,3
1,200	5,289	-41,29	-82,7
1,233	5,107	-41,46	-83,0
1,267	4,088	-41,62	-84,4
1,300	3,774	-41,88	-84,8
1,333	2,912	-42,10	-86,0
1,367	1,098	-42,17	-88,5
1,400	-0,208	-42,34	-90,3
1,433	-1,079	-42,51	-91,5
1,467	-2,284	-42,60	-93,1
1,500	-3,492	-42,60	-94,7
1,533	-5,248	-42,51	-97,0
1,567	-6,275	-42,45	-98,4
1,600	-6,908	-42,35	-99,3
1,633	-7,553	-42,25	-100,1
1,667	-8,348	-42,14	-101,2
1,700	-8,571	-42,06	-101,5
1,733	-8,642	-42,05	-101,6
1,767	-8,485	-42,07	-101,4
1,800	-8,054	-42,14	-100,8
1,833	-7,047	-42,28	-99,5
1,867	-6,170	-42,41	-98,3
1,900	-5,424	-42,51	-97,3
1,933	-3,952	-42,63	-95,3
1,967	-3,220	-42,67	-94,3
2,000	-2,059	-42,68	-92,8
2,033	-0,774	-42,62	-91,0
2,067	0,706	-42,57	-89,0
2,100	1,623	-42,38	-87,8
2,133	2,548	-42,23	-86,5
2,167	3,384	-42,00	-85,4
2,200	4,106	-41,81	-84,4
2,233	4,665	-41,63	-83,6
2,267	5,109	-41,49	-83,0
2,300	5,262	-41,38	-82,8
2,333	5,326	-41,36	-82,7
2,367	5,175	-41,37	-82,9
2,400	4,960	-41,44	-83,2
2,433	4,488	-41,57	-83,8
2,467	3,744	-41,70	-84,9
2,500	3,005	-41,88	-85,9
2,533	2,788	-42,19	-86,2
2,567	1,708	-42,35	-87,7
2,600	0,468	-42,45	-89,4
2,633	-1,296	-42,47	-91,7
2,667	-2,462	-42,55	-93,3
2,700	-3,465	-42,59	-94,7
2,733	-4,893	-42,54	-96,6
2,767	-5,891	-42,49	-97,9
2,800	-6,153	-42,44	-98,2
2,833	-6,906	-42,33	-99,3
2,867	-7,806	-42,22	-100,5
2,900	-8,056	-42,16	-100,8
2,933	-7,851	-42,17	-100,5
2,967	-7,763	-42,20	-100,4
3,000	-7,364	-42,25	-99,9
3,033	-6,834	-42,34	-99,2
3,067	-6,093	-42,44	-98,2
3,100	-4,943	-42,54	-96,6
3,133	-3,797	-42,63	-95,1
3,167	-2,719	-42,67	-93,6
3,200	-1,543	-42,69	-92,1
3,233	-0,713	-42,61	-91,0
3,267	0,337	-42,54	-89,5
3,300	1,457	-42,41	-88,0
3,333	2,305	-42,22	-86,9
3,367	3,165	-42,04	-85,7
3,400	4,112	-41,89	-84,4
3,433	4,365	-41,72	-84,0
3,467	4,743	-41,58	-83,5
3,500	4,926	-41,47	-83,2
3,533	4,930	-41,45	-83,2
3,567	4,808	-41,45	-83,4
3,600	4,498	-41,53	-83,8
3,633	3,970	-41,60	-84,5
3,667	3,360	-41,77	-85,4
3,700	2,832	-41,97	-86,1
3,733	1,754	-42,10	-87,6
3,767	1,110	-42,29	-88,5
3,800	-0,251	-42,38	-90,3
3,833	-1,266	-42,50	-91,7
3,867	-2,345	-42,58	-93,2
3,900	-3,474	-42,58	-94,7
3,933	-4,457	-42,55	-96,0
3,967	-5,151	-42,54	-96,9
4,000	-5,982	-42,47	-98,0
4,033	-6,979	-42,31	-99,4
4,067	-7,467	-42,25	-100,0
4,100	-7,686	-42,22	-100,3
4,133	-7,700	-42,22	-100,3
4,167	-6,753	-42,29	-99,1
4,200	-6,712	-42,32	-99,0
4,233	-6,550	-42,37	-98,8
4,267	-5,804	-42,47	-97,8
4,300	-5,083	-42,55	-96,8
4,333	-3,510	-42,66	-94,7
4,367	-2,427	-42,69	-93,3
4,400	-1,587	-42,70	-92,1
4,433	-0,401	-42,66	-90,5
4,467	0,644	-42,57	-89,1
4,500	2,071	-42,52	-87,2
4,533	2,257	-42,29	-86,9
4,567	2,967	-42,11	-86,0
4,600	3,516	-41,92	-85,2
4,633	4,035	-41,78	-84,5
4,667	4,531	-41,66	-83,8
4,700	4,510	-41,58	-83,8
4,733	4,723	-41,54	-83,5
4,767	4,746	-41,57	-83,5
4,800	4,256	-41,60	-84,2
4,833	3,804	-41,72	-84,8
4,867	3,334	-41,87	-85,4
4,900	2,751	-42,03	-86,3
4,933	2,018	-42,19	-87,3
4,967	1,209	-42,35	-88,4
5,000	0,591	-42,53	-89,2
5,033	-1,227	-42,54	-91,7
5,067	-0,789	-42,88	-91,1
5,100	-3,356	-42,33	-94,5
5,133	-4,312	-42,31	-95,8
5,167	-3,833	-42,55	-95,1
5,200	-5,716	-42,33	-97,7
5,233	-6,370	-42,24	-98,6
5,267	-6,825	-42,18	-99,2
5,300	-6,996	-42,16	-99,4
5,333	-7,077	-42,17	-99,5
5,367	-6,519	-42,21	-98,8
5,400	-6,334	-42,24	-98,5
5,433	-6,142	-42,29	-98,3
5,467	-5,365	-42,39	-97,2
