	masa A			
t	x	y	θ	
0,000	14,64	-30,08	-64,0
0,033	12,29	-31,25	-68,5
0,067	9,527	-32,16	-73,5
0,100	6,393	-32,87	-79,0
0,133	3,000	-33,32	-84,9
0,167	-0,512	-33,44	-90,9
0,200	-4,036	-33,19	-96,9
0,233	-7,424	-32,69	-102,8
0,267	-10,51	-31,91	-108,2
0,300	-13,21	-30,98	-113,1
0,333	-15,54	-30,03	-117,4
0,367	-17,25	-29,20	-120,6
0,400	-18,59	-28,47	-123,1
0,433	-18,92	-28,19	-123,9
0,467	-19,05	-28,08	-124,2
0,500	-18,71	-28,41	-123,4
0,533	-18,11	-28,84	-122,1
0,567	-16,57	-29,63	-119,2
0,600	-14,92	-30,86	-115,8
0,633	-12,34	-31,88	-111,2
0,667	-9,375	-32,81	-105,9
0,700	-6,151	-33,49	-100,4
0,733	-2,618	-33,94	-94,4
0,767	0,986	-34,01	-88,3
0,800	4,804	-33,69	-81,9
0,833	7,904	-33,11	-76,6
0,867	10,83	-32,29	-71,5
0,900	13,36	-31,37	-66,9
0,933	15,34	-30,50	-63,3
0,967	16,53	-28,49	-59,9
1,000	18,17	-28,71	-57,7
1,033	18,17	-28,31	-57,3
1,067	18,00	-28,35	-57,6
1,100	17,08	-28,88	-59,4
1,133	15,99	-29,53	-61,6
1,167	14,33	-30,33	-64,7
1,200	12,20	-31,21	-68,7
1,233	9,584	-32,07	-73,4
1,267	6,588	-32,79	-78,6
1,300	3,291	-33,26	-84,3
1,333	-6,208E-2	-33,43	-90,1
1,367	-3,597	-33,24	-96,2
1,400	-6,941	-32,75	-102,0
1,433	-10,04	-32,01	-107,4
1,467	-12,82	-31,18	-112,4
1,500	-15,11	-30,25	-116,5
1,533	-16,93	-29,37	-120,0
1,567	-18,26	-28,72	-122,5
1,600	-18,61	-28,54	-123,1
1,633	-18,82	-28,36	-123,6
1,667	-18,49	-28,62	-122,9
1,700	-17,89	-28,99	-121,7
1,733	-16,44	-29,73	-118,9
1,767	-14,72	-31,05	-115,4
1,800	-12,26	-32,00	-111,0
1,833	-8,851	-32,95	-105,0
1,867	-5,589	-33,60	-99,4
1,900	-1,667	-34,02	-92,8
1,933	1,867	-34,06	-86,9
1,967	5,028	-33,77	-81,5
2,000	8,633	-33,15	-75,4
2,033	11,52	-32,33	-70,4
2,067	13,99	-31,40	-66,0
2,100	15,94	-30,48	-62,4
2,133	17,32	-29,73	-59,8
2,167	18,22	-29,18	-58,0
2,200	18,64	-28,94	-57,2
2,233	18,52	-28,98	-57,4
2,267	17,85	-29,32	-58,7
2,300	16,77	-29,94	-60,7
2,333	15,21	-30,74	-63,7
2,367	13,09	-31,65	-67,5
2,400	10,60	-32,52	-71,9
2,433	7,590	-33,28	-77,2
2,467	4,553	-33,80	-82,3
2,500	1,157	-34,03	-88,1
2,533	-2,249	-33,95	-93,8
2,567	-5,607	-33,55	-99,5
2,600	-8,535	-32,92	-104,5
2,633	-11,10	-32,09	-109,1
2,667	-13,35	-31,19	-113,2
2,700	-15,31	-30,33	-116,8
2,733	-16,44	-29,54	-119,1
2,767	-17,27	-29,03	-120,7
2,800	-17,52	-28,87	-121,3
2,833	-17,20	-29,08	-120,6
2,867	-16,33	-29,63	-118,9
2,900	-14,94	-30,43	-116,1
2,933	-13,07	-31,31	-112,7
2,967	-10,75	-32,23	-108,4
3,000	-8,363	-33,03	-104,2
3,033	-5,021	-33,69	-98,5
3,067	-1,595	-34,03	-92,7
3,100	1,760	-34,08	-87,0
3,133	5,123	-33,81	-81,4
3,167	8,221	-33,23	-76,1
3,200	11,08	-32,46	-71,2
3,233	13,46	-31,58	-66,9
3,267	15,39	-30,68	-63,4
3,300	16,75	-29,95	-60,8
3,333	17,64	-29,45	-59,1
3,367	16,94	-29,57	-60,2
3,400	16,41	-29,34	-60,8
3,433	17,35	-29,52	-59,6
3,467	16,31	-30,10	-61,6
3,500	13,66	-30,66	-66,0
3,533	11,71	-31,45	-69,6
3,567	9,300	-32,22	-73,9
3,600	6,488	-32,87	-78,8
3,633	3,415	-33,33	-84,2
3,667	0,235	-33,50	-89,6
3,700	-3,102	-33,39	-95,3
3,733	-6,303	-33,01	-100,8
3,767	-9,360	-32,38	-106,1
3,800	-12,07	-31,57	-110,9
3,833	-14,35	-30,71	-115,1
3,867	-16,30	-29,82	-118,7
3,900	-17,58	-29,27	-121,0
3,933	-17,89	-29,10	-121,6
3,967	-18,20	-28,78	-122,3
4,000	-17,87	-29,10	-121,6
4,033	-17,49	-29,30	-120,8
4,067	-15,97	-30,03	-118,0
4,100	-14,14	-30,86	-114,6
4,133	-11,90	-31,65	-110,6
4,167	-9,110	-32,49	-105,7
4,200	-6,067	-33,08	-100,4
4,233	-2,785	-33,49	-94,8
4,267	0,579	-33,57	-89,0
4,300	3,797	-33,37	-83,5
4,333	6,823	-32,89	-78,3
4,367	9,576	-32,25	-73,5
4,400	11,83	-31,49	-69,4
4,433	13,69	-30,75	-66,0
4,467	15,28	-30,19	-63,2
4,500	16,13	-29,74	-61,5
4,533	16,49	-29,49	-60,8
4,567	16,41	-29,51	-60,9
4,600	15,85	-29,77	-62,0
4,633	14,57	-30,15	-64,2
4,667	13,17	-30,81	-66,8
4,700	11,33	-31,57	-70,3
4,733	8,973	-32,29	-74,5
4,767	6,264	-32,92	-79,2
4,800	3,295	-33,35	-84,4
4,833	0,187	-33,53	-89,7
4,867	-3,073	-33,44	-95,3
4,900	-6,210	-33,07	-100,6
4,933	-9,213	-32,44	-105,9
4,967	-11,86	-31,67	-110,5
5,000	-14,05	-30,86	-114,5
5,033	-15,87	-30,08	-117,8
5,067	-17,25	-29,48	-120,3
5,100	-17,66	-29,17	-121,2
5,133	-17,87	-28,99	-121,7
5,167	-17,62	-29,20	-121,1
5,200	-17,08	-29,54	-120,0
5,233	-15,71	-30,20	-117,5
