	masa A			
t	x	y	θ	
0,000	35,84	-21,47	-30,9
0,033	36,54	-21,54	-30,5
0,067	33,16	-26,05	-38,2
0,100	30,79	-28,89	-43,2
0,133	27,91	-32,16	-49,1
0,167	23,86	-35,63	-56,2
0,200	17,70	-38,64	-65,4
0,233	10,59	-40,89	-75,5
0,267	3,648	-42,01	-85,0
0,300	-3,721	-41,94	-95,1
0,333	-10,82	-40,63	-104,9
0,367	-18,01	-38,12	-115,3
0,400	-23,78	-35,01	-124,2
0,433	-28,36	-31,49	-132,0
0,467	-31,69	-27,93	-138,6
0,500	-34,06	-24,86	-143,9
0,533	-35,57	-22,40	-147,8
0,567	-36,47	-20,72	-150,4
0,600	-36,35	-20,63	-150,4
0,633	-35,56	-20,96	-149,5
0,667	-35,26	-21,98	-148,1
0,700	-34,04	-23,80	-145,0
0,733	-32,75	-25,94	-141,6
0,767	-29,84	-29,13	-135,7
0,800	-26,46	-32,48	-129,2
0,833	-21,92	-35,75	-121,5
0,867	-15,59	-38,86	-111,9
0,900	-8,691	-41,16	-101,9
0,933	-1,914	-42,30	-92,6
0,967	5,082	-41,96	-83,1
1,000	12,07	-40,63	-73,5
1,033	18,30	-38,26	-64,4
1,067	23,37	-35,29	-56,5
1,100	27,95	-31,93	-48,8
1,133	31,27	-28,44	-42,3
1,167	33,80	-25,49	-37,0
1,200	35,47	-23,15	-33,1
1,233	36,74	-21,69	-30,6
1,267	37,27	-21,05	-29,5
1,300	36,69	-21,19	-30,0
1,333	36,07	-22,31	-31,7
1,367	35,03	-24,28	-34,7
1,400	33,09	-26,93	-39,1
1,433	30,26	-30,03	-44,8
1,467	26,46	-33,35	-51,6
1,500	21,27	-36,62	-59,9
1,533	15,37	-39,44	-68,7
1,567	9,285	-41,32	-77,3
1,600	2,021	-42,18	-87,3
1,633	-4,857	-41,93	-96,6
1,667	-12,15	-40,38	-106,7
1,700	-18,33	-37,95	-115,8
1,733	-23,84	-34,75	-124,5
1,767	-28,13	-31,33	-131,9
1,800	-31,29	-28,10	-138,1
1,833	-32,72	-25,78	-141,8
1,867	-33,03	-23,13	-145,0
1,900	-35,37	-22,26	-147,8
1,933	-35,60	-21,79	-148,5
1,967	-35,37	-22,09	-148,0
2,000	-34,64	-23,27	-146,1
2,033	-33,48	-25,01	-143,2
2,067	-31,29	-27,80	-138,4
2,100	-28,34	-30,85	-132,6
2,133	-24,73	-34,00	-126,0
2,167	-19,69	-37,20	-117,9
2,200	-14,32	-39,75	-109,8
2,233	-7,693	-41,62	-100,5
2,267	-0,835	-42,43	-91,1
2,300	6,490	-42,09	-81,2
2,333	13,48	-40,57	-71,6
2,367	19,78	-38,09	-62,6
2,400	25,37	-34,94	-54,0
2,433	29,09	-31,76	-47,5
2,467	31,81	-28,46	-41,8
2,500	33,95	-25,45	-36,9
2,533	35,47	-23,27	-33,3
2,567	36,33	-21,89	-31,1
2,600	36,57	-21,39	-30,3
2,633	36,34	-21,85	-31,0
2,667	35,43	-23,13	-33,1
2,700	34,01	-25,41	-36,8
2,733	31,96	-28,35	-41,6
2,767	30,40	-31,41	-45,9
2,800	24,79	-34,42	-54,2
2,833	19,74	-37,58	-62,3
2,867	13,52	-40,05	-71,3
2,900	6,710	-41,63	-80,8
2,933	-0,522	-42,10	-90,7
2,967	-7,632	-41,49	-100,4
3,000	-13,96	-39,67	-109,4
3,033	-19,72	-37,06	-118,0
3,067	-24,51	-33,97	-125,8
3,100	-28,31	-30,71	-132,7
3,133	-31,02	-27,71	-138,2
3,167	-32,81	-25,14	-142,5
3,200	-34,00	-23,18	-145,7
3,233	-33,87	-21,94	-147,1
3,267	-34,26	-22,58	-146,6
3,300	-33,95	-23,37	-145,5
3,333	-33,35	-24,51	-143,7
3,367	-31,51	-26,84	-139,6
3,400	-29,37	-28,89	-135,5
3,433	-26,34	-31,90	-129,6
3,467	-22,58	-34,86	-122,9
3,500	-17,63	-37,74	-115,0
3,533	-11,80	-40,06	-106,4
3,567	-5,393	-41,57	-97,4
3,600	0,915	-41,92	-88,7
3,633	8,301	-41,33	-78,6
3,667	15,11	-39,63	-69,1
3,700	20,79	-37,12	-60,8
3,733	25,56	-33,97	-53,0
3,767	29,85	-30,69	-45,8
3,800	32,72	-27,47	-40,0
3,833	34,87	-24,95	-35,6
3,867	36,19	-23,08	-32,5
3,900	37,50	-22,07	-30,5
3,933	37,68	-21,93	-30,2
3,967	36,72	-22,78	-31,8
4,000	35,50	-24,30	-34,4
4,033	33,88	-26,69	-38,2
4,067	31,16	-29,60	-43,5
4,100	27,48	-32,80	-50,0
4,133	22,70	-36,01	-57,8
4,167	17,82	-38,70	-65,3
4,200	11,77	-40,88	-73,9
4,233	4,607	-42,00	-83,7
4,267	-2,908	-42,00	-94,0
4,300	-9,231	-40,95	-102,7
4,333	-14,88	-39,04	-110,9
4,367	-20,99	-36,15	-120,1
4,400	-26,19	-32,95	-128,5
4,433	-28,58	-30,32	-133,3
4,467	-30,93	-27,52	-138,3
4,500	-32,39	-25,43	-141,9
4,533	-33,05	-24,16	-143,8
4,567	-33,57	-23,41	-145,1
4,600	-33,60	-23,29	-145,3
4,633	-33,01	-24,16	-143,8
4,667	-31,80	-25,86	-140,9
4,700	-30,28	-27,91	-137,3
4,733	-27,67	-30,82	-131,9
4,767	-24,47	-33,67	-126,0
4,800	-20,35	-36,58	-119,1
4,833	-15,30	-39,20	-111,3
4,867	-9,054	-41,22	-102,4
4,900	-2,598	-42,35	-93,5
4,933	4,343	-42,29	-84,1
4,967	10,86	-41,19	-75,2
5,000	17,76	-39,12	-65,6
5,033	23,59	-36,26	-57,0
5,067	28,27	-33,09	-49,5
5,100	30,88	-29,96	-44,1
5,133	33,79	-26,84	-38,5
5,167	35,54	-24,62	-34,7
5,200	37,01	-23,17	-32,0
5,233	37,45	-22,54	-31,0
5,267	37,43	-22,78	-31,3
5,300	36,51	-23,95	-33,3
5,333	34,88	-25,90	-36,6
5,367	32,57	-28,47	-41,2
5,400	29,29	-31,53	-47,1
5,433	25,05	-34,70	-54,2
5,467	19,90	-37,75	-62,2
5,500	14,04	-40,13	-70,7
5,533	8,218	-41,70	-78,9
5,567	1,300	-42,28	-88,2
5,600	-5,675	-41,79	-97,7
5,633	-12,50	-40,17	-107,3
5,667	-17,81	-37,91	-115,2
5,700	-22,68	-34,99	-123,0
5,733	-26,43	-31,98	-129,6
5,767	-29,10	-29,11	-135,0
5,800	-30,92	-26,65	-139,2
5,833	-32,13	-24,84	-142,3
5,867	-32,47	-24,13	-143,4
5,900	-32,64	-23,82	-143,9
5,933	-32,31	-24,26	-143,1
5,967	-31,53	-25,40	-141,1
6,000	-30,11	-27,28	-137,8
6,033	-28,30	-29,52	-133,8
6,067	-25,34	-32,38	-128,1
6,100	-21,66	-35,28	-121,6
6,133	-17,40	-37,87	-114,7
6,167	-12,11	-40,10	-106,8
6,200	-5,435	-41,66	-97,4
6,233	1,464	-42,27	-88,0
6,267	7,675	-41,64	-79,6
6,300	13,94	-40,16	-70,9
6,333	20,55	-37,65	-61,4
6,367	25,98	-34,62	-53,1
6,400	30,25	-31,43	-46,1
6,433	32,42	-28,61	-41,4
6,467	35,05	-26,05	-36,6
6,500	37,48	-23,84	-32,5
6,533	36,79	-23,37	-32,4
6,567	36,82	-23,21	-32,2
6,600	36,65	-23,98	-33,2
6,633	35,87	-25,57	-35,5
6,667	34,59	-27,61	-38,6
6,700	31,63	-30,53	-44,0
6,733	26,84	-33,47	-51,3
6,767	21,50	-36,44	-59,5
6,800	16,27	-39,16	-67,4
6,833	10,24	-41,03	-76,0
6,867	4,132	-42,03	-84,4
6,900	-2,893	-42,00	-93,9
6,933	-8,616	-40,97	-101,9
6,967	-15,17	-38,95	-111,3
