	masa A			
t	x	y	θ	
0,000	2,191	-34,91	-86,4
0,033	1,761	-34,92	-87,1
0,067	1,255	-34,94	-87,9
0,100	0,700	-34,94	-88,9
0,133	0,121	-34,93	-89,8
0,167	-0,484	-34,93	-90,8
0,200	-1,080	-34,91	-91,8
0,233	-1,656	-34,89	-92,7
0,267	-2,189	-34,86	-93,6
0,300	-2,694	-34,83	-94,4
0,333	-3,132	-34,80	-95,1
0,367	-3,489	-34,75	-95,7
0,400	-3,746	-34,70	-96,2
0,433	-3,927	-34,67	-96,5
0,467	-4,021	-34,68	-96,6
0,500	-4,023	-34,70	-96,6
0,533	-3,921	-34,73	-96,4
0,567	-3,720	-34,75	-96,1
0,600	-3,434	-34,81	-95,6
0,633	-3,072	-34,87	-95,0
0,667	-2,620	-34,89	-94,3
0,700	-2,120	-34,95	-93,5
0,733	-1,547	-34,97	-92,5
0,767	-0,957	-34,99	-91,6
0,800	-0,351	-35,00	-90,6
0,833	0,226	-35,01	-89,6
0,867	0,812	-34,99	-88,7
0,900	1,334	-34,99	-87,8
0,933	1,814	-34,97	-87,0
0,967	2,215	-34,94	-86,4
1,000	2,544	-34,90	-85,8
1,033	2,800	-34,87	-85,4
1,067	2,931	-34,86	-85,2
1,100	2,960	-34,85	-85,1
1,133	2,907	-34,84	-85,2
1,167	2,734	-34,87	-85,5
1,200	2,471	-34,87	-85,9
1,233	2,119	-34,90	-86,5
1,267	1,703	-34,91	-87,2
1,300	1,219	-34,93	-88,0
1,333	0,692	-34,93	-88,9
1,367	0,127	-34,93	-89,8
1,400	-0,454	-34,91	-90,7
1,433	-1,039	-34,91	-91,7
1,467	-1,602	-34,88	-92,6
1,500	-2,141	-34,85	-93,5
1,533	-2,624	-34,82	-94,3
1,567	-3,041	-34,77	-95,0
1,600	-3,361	-34,73	-95,5
1,633	-3,637	-34,71	-96,0
1,667	-3,817	-34,68	-96,3
1,700	-3,905	-34,67	-96,4
1,733	-3,917	-34,71	-96,4
1,767	-3,822	-34,73	-96,3
1,800	-3,623	-34,75	-96,0
1,833	-3,356	-34,81	-95,5
1,867	-2,977	-34,84	-94,9
1,900	-2,552	-34,88	-94,2
1,933	-2,079	-34,96	-93,4
1,967	-1,533	-34,96	-92,5
2,000	-0,943	-34,99	-91,5
2,033	-0,382	-35,00	-90,6
2,067	0,196	-35,00	-89,7
2,100	0,762	-34,99	-88,8
2,133	1,282	-34,97	-87,9
2,167	1,732	-34,95	-87,2
2,200	2,148	-34,92	-86,5
2,233	2,454	-34,91	-86,0
2,267	2,682	-34,89	-85,6
2,300	2,829	-34,86	-85,4
2,333	2,857	-34,87	-85,3
2,367	2,805	-34,86	-85,4
2,400	2,644	-34,85	-85,7
2,433	2,393	-34,87	-86,1
2,467	2,061	-34,90	-86,6
2,500	1,657	-34,91	-87,3
2,533	1,179	-34,93	-88,1
2,567	0,668	-34,94	-88,9
2,600	0,111	-34,94	-89,8
2,633	-0,456	-34,93	-90,7
2,667	-1,011	-34,91	-91,7
2,700	-1,563	-34,88	-92,6
2,733	-2,081	-34,86	-93,4
2,767	-2,563	-34,83	-94,2
2,800	-2,980	-34,80	-94,9
2,833	-3,328	-34,78	-95,5
2,867	-3,591	-34,75	-95,9
2,900	-3,764	-34,73	-96,2
2,933	-3,838	-34,72	-96,3
2,967	-3,851	-34,72	-96,3
3,000	-3,741	-34,74	-96,1
3,033	-3,572	-34,77	-95,9
3,067	-3,295	-34,80	-95,4
3,100	-2,948	-34,86	-94,8
3,133	-2,523	-34,91	-94,1
3,167	-2,055	-34,96	-93,4
3,200	-1,528	-34,99	-92,5
3,233	-0,964	-34,99	-91,6
3,267	-0,403	-35,01	-90,7
3,300	0,159	-35,01	-89,7
3,333	0,695	-35,01	-88,9
3,367	1,197	-34,99	-88,0
3,400	1,638	-34,98	-87,3
3,433	2,033	-34,95	-86,7
3,467	2,350	-34,93	-86,2
3,500	2,576	-34,91	-85,8
3,533	2,705	-34,90	-85,6
3,567	2,752	-34,88	-85,5
3,600	2,695	-34,87	-85,6
3,633	2,547	-34,88	-85,8
3,667	2,299	-34,90	-86,2
3,700	1,969	-34,93	-86,8
3,733	1,581	-34,93	-87,4
3,767	1,129	-34,94	-88,1
3,800	0,622	-34,97	-89,0
3,833	8,582E-2	-34,96	-89,9
3,867	-0,452	-34,94	-90,7
3,900	-1,014	-34,93	-91,7
3,933	-1,551	-34,91	-92,5
3,967	-2,052	-34,89	-93,4
4,000	-2,520	-34,86	-94,1
4,033	-2,926	-34,83	-94,8
4,067	-3,258	-34,78	-95,4
4,100	-3,511	-34,76	-95,8
4,133	-3,690	-34,76	-96,1
4,167	-3,764	-34,74	-96,2
4,200	-3,776	-34,75	-96,2
4,233	-3,668	-34,76	-96,0
4,267	-3,488	-34,78	-95,7
4,300	-3,232	-34,83	-95,3
4,333	-2,878	-34,86	-94,7
4,367	-2,472	-34,91	-94,1
4,400	-2,003	-34,94	-93,3
4,433	-1,494	-34,97	-92,4
4,467	-0,962	-35,00	-91,6
4,500	-0,405	-35,00	-90,7
4,533	0,127	-34,99	-89,8
4,567	0,656	-34,98	-88,9
4,600	1,156	-34,97	-88,1
4,633	1,582	-34,95	-87,4
4,667	1,961	-34,93	-86,8
4,700	2,268	-34,91	-86,3
4,733	2,491	-34,88	-85,9
4,767	2,623	-34,88	-85,7
4,800	2,671	-34,86	-85,6
4,833	2,620	-34,85	-85,7
4,867	2,471	-34,86	-85,9
4,900	2,239	-34,86	-86,3
4,933	1,914	-34,90	-86,9
4,967	1,531	-34,91	-87,5
5,000	1,095	-34,91	-88,2
5,033	0,623	-34,92	-89,0
5,067	0,106	-34,91	-89,8
5,100	-0,438	-34,90	-90,7
5,133	-0,965	-34,89	-91,6
5,167	-1,496	-34,88	-92,5
5,200	-1,988	-34,85	-93,3
5,233	-2,434	-34,84	-94,0
5,267	-2,827	-34,80	-94,6
5,300	-3,156	-34,78	-95,2
5,333	-3,416	-34,77	-95,6
