	masa A			
t	x	y	θ	
0,000	22,27	-38,13	-59,7
0,033	20,83	-39,41	-62,1
0,067	18,41	-40,49	-65,6
0,100	15,72	-41,68	-69,3
0,133	12,43	-42,79	-73,8
0,167	8,656	-43,68	-78,8
0,200	4,848	-44,27	-83,8
0,233	0,300	-44,48	-89,6
0,267	-3,906	-44,34	-95,0
0,300	-7,871	-43,78	-100,2
0,333	-11,60	-42,87	-105,1
0,367	-14,86	-41,80	-109,6
0,400	-17,67	-40,62	-113,5
0,433	-19,93	-39,50	-116,8
0,467	-21,62	-38,54	-119,3
0,500	-22,74	-37,83	-121,0
0,533	-23,21	-37,45	-121,8
0,567	-23,21	-37,42	-121,8
0,600	-22,60	-37,74	-120,9
0,633	-21,59	-38,38	-119,4
0,667	-19,84	-39,28	-116,8
0,700	-17,71	-40,33	-113,7
0,733	-14,98	-41,45	-109,9
0,767	-11,55	-42,47	-105,2
0,800	-8,269	-43,35	-100,8
0,833	-4,373	-44,01	-95,7
0,867	-0,236	-44,22	-90,3
0,900	4,192	-44,04	-84,6
0,933	7,747	-43,61	-79,9
0,967	11,29	-42,83	-75,2
1,000	14,76	-41,83	-70,6
1,033	17,67	-40,71	-66,5
1,067	20,10	-39,60	-63,1
1,100	22,04	-38,64	-60,3
1,133	23,29	-37,98	-58,5
1,167	23,77	-37,60	-57,7
1,200	23,82	-37,59	-57,6
1,233	23,30	-37,95	-58,4
1,267	22,16	-38,67	-60,2
1,300	20,47	-39,62	-62,7
1,333	18,24	-40,73	-65,9
1,367	15,35	-41,89	-69,9
1,400	12,03	-42,94	-74,3
1,433	8,258	-43,80	-79,3
1,467	4,326	-44,32	-84,4
1,500	-6,623E-2	-44,45	-90,1
1,533	-4,011	-44,28	-95,2
1,567	-8,018	-43,68	-100,4
1,600	-11,66	-42,78	-105,2
1,633	-14,76	-41,71	-109,5
1,667	-17,50	-40,56	-113,3
1,700	-19,87	-39,45	-116,7
1,733	-21,37	-38,55	-119,0
1,767	-22,40	-37,88	-120,6
1,800	-22,93	-37,53	-121,4
1,833	-22,81	-37,53	-121,3
1,867	-22,21	-37,85	-120,4
1,900	-21,08	-38,53	-118,7
1,933	-19,37	-39,41	-116,2
1,967	-17,13	-40,46	-112,9
2,000	-14,49	-41,53	-109,2
2,033	-11,28	-42,53	-104,9
2,067	-7,749	-43,42	-100,1
2,100	-4,111	-43,98	-95,3
2,133	0,138	-44,21	-89,8
2,167	4,070	-44,09	-84,7
2,200	7,990	-43,61	-79,6
2,233	11,59	-42,82	-74,9
2,267	14,92	-41,84	-70,4
2,300	17,85	-40,75	-66,3
2,333	20,14	-39,70	-63,1
2,367	21,93	-38,77	-60,5
2,400	23,12	-38,12	-58,8
2,433	23,67	-37,79	-57,9
2,467	23,70	-37,82	-57,9
2,500	23,10	-38,20	-58,8
2,533	21,88	-38,90	-60,6
2,567	20,02	-39,86	-63,3
2,600	17,70	-40,94	-66,6
2,633	14,87	-42,07	-70,5
2,667	11,36	-43,04	-75,2
2,700	7,562	-43,85	-80,2
2,733	3,588	-44,36	-85,4
2,767	-0,534	-44,49	-90,7
2,800	-4,700	-44,19	-96,1
2,833	-8,528	-43,54	-101,1
2,867	-11,89	-42,67	-105,6
2,900	-15,23	-41,57	-110,1
2,933	-17,53	-40,49	-113,4
2,967	-19,75	-39,39	-116,6
3,000	-21,13	-38,55	-118,7
3,033	-22,07	-37,93	-120,2
3,067	-22,45	-37,63	-120,8
3,100	-22,34	-37,67	-120,7
3,133	-21,63	-38,02	-119,6
3,167	-20,51	-38,67	-117,9
3,200	-18,83	-39,57	-115,4
3,233	-16,66	-40,58	-112,3
3,267	-13,87	-41,68	-108,4
3,300	-10,71	-42,67	-104,1
3,333	-7,243	-43,49	-99,5
3,367	-3,609	-44,05	-94,7
3,400	0,370	-44,25	-89,5
3,433	4,426	-44,10	-84,3
3,467	8,146	-43,54	-79,4
3,500	11,92	-42,76	-74,4
3,533	15,19	-41,80	-70,0
3,567	17,96	-40,75	-66,2
3,600	20,30	-39,71	-62,9
3,633	22,07	-38,84	-60,4
3,667	23,17	-38,23	-58,8
3,700	23,59	-37,93	-58,1
3,733	23,50	-38,02	-58,3
3,767	22,81	-38,42	-59,3
3,800	21,57	-39,15	-61,1
3,833	19,63	-40,15	-63,9
3,867	17,17	-41,17	-67,4
3,900	14,17	-42,25	-71,5
3,933	10,80	-43,21	-76,0
3,967	6,992	-43,98	-81,0
4,000	2,961	-44,40	-86,2
4,033	-1,006	-44,46	-91,3
4,067	-5,039	-44,17	-96,5
4,100	-8,768	-43,47	-101,4
4,133	-12,16	-42,52	-106,0
4,167	-15,14	-41,47	-110,1
4,200	-17,45	-40,42	-113,3
4,233	-19,38	-39,39	-116,2
4,267	-20,79	-38,56	-118,3
4,300	-21,67	-37,99	-119,7
4,333	-21,97	-37,74	-120,2
4,367	-21,74	-37,82	-119,9
4,400	-21,03	-38,22	-118,8
4,433	-19,80	-38,88	-117,0
4,467	-18,09	-39,77	-114,5
4,500	-15,99	-40,77	-111,4
4,533	-13,40	-41,78	-107,8
4,567	-10,38	-42,70	-103,7
4,600	-6,796	-43,53	-98,9
4,633	-2,970	-44,12	-93,9
4,667	0,904	-44,25	-88,8
4,700	4,884	-44,08	-83,7
4,733	8,661	-43,53	-78,7
4,767	12,23	-42,70	-74,0
4,800	15,43	-41,76	-69,7
4,833	18,23	-40,72	-65,9
4,867	20,41	-39,72	-62,8
4,900	22,03	-38,90	-60,5
4,933	22,98	-38,31	-59,0
4,967	23,43	-38,11	-58,4
5,000	23,25	-38,20	-58,7
5,033	22,53	-38,65	-59,8
5,067	21,21	-39,40	-61,7
5,100	19,20	-40,35	-64,5
5,133	16,36	-41,26	-68,4
5,167	13,59	-42,45	-72,2
5,200	10,12	-43,38	-76,9
5,233	6,321	-44,05	-81,8
5,267	2,340	-44,42	-87,0
5,300	-1,611	-44,44	-92,1
5,333	-5,528	-44,07	-97,1
5,367	-9,127	-43,35	-101,9
5,400	-12,38	-42,42	-106,3
5,433	-15,22	-41,36	-110,2
5,467	-17,56	-40,28	-113,6
5,500	-19,29	-39,32	-116,1
5,533	-20,49	-38,57	-118,0
5,567	-21,25	-38,04	-119,2
5,600	-21,45	-37,86	-119,5
5,633	-21,22	-37,95	-119,2
